1050
100
21 57
10 33
4 58
14 18
9 12
19 23
2 93
4 74
12 26
22 28
3 11
3 44
14 79
22 81
12 35
19 34
11 9
3 99
1 57
2 50
13 98
22 67
29 87
1 105
7 20
27 68
20 80
1 63
9 86
4 71
20 68
1 3
21 73
23 42
27 27
9 80
17 16
20 75
24 40
16 74
27 42
21 86
26 8
3 43
6 85
5 15
3 35
30 19
5 24
15 61
3 96
19 34
13 23
19 41
21 30
30 90
25 67
22 71
13 15
23 93
23 93
26 13
21 90
28 82
17 29
7 15
14 78
27 101
7 9
5 20
6 7
13 27
16 39
9 73
2 14
7 96
22 7
18 97
12 80
20 47
13 21
3 66
22 54
30 46
22 66
24 60
14 11
5 61
24 91
5 9
5 68
9 92
14 91
4 93
15 19
25 76
5 26
24 6
23 88
20 100
