3500
425
4 106
24 56
21 118
15 6
5 238
4 139
17 176
21 35
23 94
2 225
20 195
13 284
13 327
18 298
10 156
16 347
16 51
9 231
22 58
23 23
11 137
7 98
22 236
10 186
13 298
17 54
10 155
2 233
3 160
9 180
1 54
24 55
4 337
1 152
20 53
11 39
19 147
12 236
1 20
6 70
24 274
5 225
1 216
23 335
22 99
5 89
2 165
2 164
6 284
1 156
22 62
20 189
11 290
18 20
10 301
16 246
5 58
4 86
8 8
13 229
14 201
7 320
13 304
22 143
24 329
9 178
4 177
1 185
5 127
10 43
17 324
1 18
5 140
22 72
15 84
20 4
3 62
15 148
2 328
5 48
17 16
16 143
14 142
11 56
23 340
11 278
6 167
8 102
8 31
12 36
22 166
19 23
14 132
20 241
18 138
7 337
8 221
15 273
20 225
2 237
11 143
22 205
17 346
22 45
22 94
22 350
13 195
3 312
13 11
22 163
11 297
11 127
7 227
5 168
14 173
21 126
8 307
18 41
19 65
3 282
16 195
19 279
4 117
12 209
17 152
7 125
6 184
10 78
21 302
11 75
4 128
4 184
14 6
16 253
18 61
6 165
12 304
19 264
11 180
4 115
19 332
21 328
11 144
3 28
10 82
1 99
22 230
17 181
13 231
16 295
15 244
7 23
20 244
24 207
10 201
6 137
1 45
16 306
3 216
7 313
6 10
6 75
12 274
17 36
21 162
17 178
11 258
24 195
22 123
15 179
9 302
24 349
21 121
9 200
20 4
6 228
17 295
18 132
22 55
7 24
6 47
12 78
4 320
14 115
4 289
19 151
24 38
11 184
21 144
23 49
16 32
7 263
3 204
14 128
13 245
9 219
16 73
24 78
4 211
20 148
20 153
10 263
24 323
22 3
19 201
11 235
6 80
10 89
12 32
10 263
7 160
15 4
3 12
6 27
10 107
15 233
8 154
20 116
15 319
18 180
22 100
13 37
21 193
16 133
21 188
13 288
21 125
10 175
16 54
13 31
5 228
2 190
7 13
2 136
15 243
22 315
14 281
4 210
7 25
17 222
20 141
16 208
8 334
18 55
21 60
14 228
7 271
19 334
9 302
12 214
6 181
19 239
3 27
17 188
3 60
12 106
18 168
11 61
14 151
14 113
3 179
9 49
15 66
18 203
14 85
1 99
14 88
24 57
12 219
19 97
9 41
10 119
24 134
20 96
1 256
15 177
19 13
21 269
21 13
24 138
22 160
10 187
21 228
6 106
3 277
3 314
9 61
2 169
4 103
14 288
16 188
12 174
11 282
3 211
1 250
13 136
1 75
6 253
21 209
13 33
23 207
17 156
3 350
5 42
24 161
23 341
11 18
22 305
13 110
18 238
11 130
16 39
23 104
22 279
5 166
20 244
9 350
4 202
23 40
11 240
10 330
8 255
9 254
4 302
16 307
11 310
19 100
10 2
8 235
9 66
21 235
20 279
7 18
12 11
21 236
3 271
12 85
16 109
20 178
7 306
3 304
13 201
1 173
3 107
12 44
8 101
21 336
12 1
2 295
10 99
5 294
22 307
21 239
16 104
3 302
15 204
24 216
1 28
21 228
1 317
3 181
19 340
5 345
13 69
10 147
6 50
23 272
3 14
5 272
7 79
14 129
19 246
14 265
6 116
8 20
7 169
6 93
9 28
5 139
14 106
8 179
7 55
3 316
19 71
3 36
6 41
13 131
3 173
13 173
6 342
16 306
19 264
11 167
3 326
5 35
8 140
10 16
14 335
18 91
21 167
1 19
4 248
16 32
17 125
13 298
22 268
22 141
22 162
20 292
8 20
21 133
10 169
10 136
19 186
18 316
10 219
6 294
2 118
24 43
10 1
14 55
8 278
19 156
15 271
23 28
