2000
500
3 6
1 7
11 2
11 7
1 6
3 6
11 5
3 6
9 6
11 10
11 10
1 1
9 10
9 7
3 7
1 2
9 7
9 8
11 8
3 6
3 4
1 4
9 6
11 10
9 3
1 6
1 5
9 4
11 10
3 8
1 2
11 1
3 9
1 1
11 5
9 2
3 4
1 1
3 5
11 8
3 8
1 1
11 10
11 4
9 7
9 1
1 2
3 7
1 8
1 2
3 9
9 9
1 7
3 1
1 7
9 7
1 10
9 3
1 2
3 7
9 6
1 4
11 7
3 8
1 7
3 2
9 7
9 9
9 1
9 2
11 1
9 9
11 1
1 4
11 2
9 3
11 8
1 4
3 1
3 9
1 5
1 7
3 7
9 4
1 5
11 8
9 10
1 4
1 6
11 2
11 7
1 8
11 10
3 8
3 5
11 3
3 9
9 6
3 10
3 10
1 9
3 1
3 1
11 8
9 5
1 6
3 2
9 2
9 7
1 8
9 3
3 10
11 6
1 9
3 3
9 6
3 9
11 10
1 3
3 3
11 7
9 6
9 3
9 2
1 5
11 5
11 4
3 6
1 4
1 3
11 3
3 8
11 3
1 7
11 1
1 7
11 2
1 9
11 5
9 4
1 9
3 9
3 7
3 4
9 4
3 2
3 9
9 8
9 5
9 8
9 7
3 8
1 9
1 6
1 5
11 10
3 10
11 8
9 9
11 9
9 4
9 2
1 7
9 4
11 8
1 5
3 2
1 5
11 1
11 4
1 8
9 4
3 1
9 6
1 3
1 1
9 7
3 5
1 10
9 6
9 7
9 8
1 3
3 10
9 2
11 2
1 5
3 2
9 5
11 3
9 8
1 7
9 7
11 7
3 2
9 2
3 9
9 6
11 1
1 4
3 1
1 6
9 7
3 4
9 9
1 6
9 5
3 1
11 1
1 1
11 4
3 4
1 8
9 4
9 1
3 3
3 10
1 1
3 3
1 8
3 8
9 7
1 8
9 3
3 2
11 3
3 4
11 6
1 9
9 8
1 4
1 2
9 8
3 9
9 8
9 7
1 5
1 7
1 10
1 9
9 9
9 6
1 7
3 1
3 3
11 1
11 1
1 9
1 9
1 9
3 9
1 1
11 1
11 1
3 4
11 5
9 3
3 3
11 8
11 5
3 3
11 5
11 9
11 5
1 6
3 1
9 6
1 9
11 2
9 5
1 1
9 5
1 8
11 8
1 10
1 5
11 4
11 8
3 3
11 4
9 10
3 4
1 4
1 2
1 3
1 5
1 4
3 1
1 5
9 9
9 8
11 2
3 10
1 8
1 5
9 5
9 4
3 10
3 8
1 10
9 1
3 9
11 10
3 2
1 7
11 10
1 6
1 6
3 6
3 5
3 6
9 8
11 5
9 4
11 1
1 3
1 7
9 9
9 2
1 10
11 7
9 5
1 9
11 1
1 6
11 9
9 1
9 10
3 9
9 8
11 8
9 10
1 6
1 8
1 5
3 8
11 3
1 3
3 6
3 6
1 9
1 3
1 5
9 5
1 7
1 1
1 2
1 2
9 9
1 3
11 7
3 3
11 9
9 4
1 8
9 3
3 5
11 9
1 3
1 7
11 1
9 1
1 4
3 5
1 7
3 6
1 7
9 10
3 1
9 5
9 10
1 3
9 5
3 6
9 6
1 8
9 4
1 9
9 4
3 2
9 2
3 10
9 5
9 8
3 5
11 10
3 5
3 10
11 4
3 9
3 9
1 6
11 10
1 3
1 3
9 5
11 1
11 5
11 1
1 7
11 2
9 8
3 4
11 9
9 10
9 8
9 2
1 2
3 2
11 1
11 8
9 4
9 5
1 7
1 4
9 6
3 8
1 5
1 10
9 6
11 2
9 1
11 6
11 9
9 5
3 1
1 6
9 7
11 7
9 10
1 9
9 10
1 2
9 4
11 8
3 1
3 2
1 3
11 1
11 5
9 5
1 5
11 8
9 2
9 8
11 7
3 8
9 3
11 2
11 5
1 2
1 2
1 1
11 5
11 3
1 7
11 7
11 6
3 5
9 1
11 9
9 8
1 2
1 2
1 8
11 3
11 7
9 1
1 1
1 5
3 5
3 5
9 7
3 7
3 6
1 10
9 9
3 4
1 5
9 3
3 10
3 10
11 2
1 1
9 1
9 6
9 8
11 9
3 2
1 6
9 3
9 8
1 8
3 9
9 4
9 6
9 4
1 7
11 10
3 8
