2000
600
1 1
1 3
1 5
9 5
1 6
9 1
1 7
9 3
1 8
9 5
9 3
9 5
9 1
9 5
9 6
1 7
9 2
9 7
1 1
9 6
9 6
1 4
9 3
9 6
1 4
1 8
1 5
9 4
1 8
1 4
1 4
1 4
1 2
9 4
1 2
1 4
1 6
1 1
9 5
9 7
1 3
1 7
9 6
1 4
9 4
1 8
1 4
9 4
1 2
1 8
9 7
9 7
9 7
1 7
1 5
9 7
9 5
9 2
9 8
9 4
9 5
9 2
9 5
1 7
9 8
9 3
9 7
1 6
1 2
1 7
1 3
9 6
1 2
9 8
1 2
9 4
1 3
1 1
9 1
9 3
1 6
9 6
9 4
9 2
9 6
1 8
1 7
9 3
1 2
1 2
1 3
1 5
1 6
1 6
9 8
9 3
1 2
1 1
9 5
9 3
9 2
1 3
1 1
9 7
1 5
9 8
1 5
1 7
1 6
1 1
1 8
9 5
1 6
9 3
1 2
9 8
1 8
1 7
9 1
9 2
1 3
1 1
1 7
1 1
1 4
9 1
9 2
1 2
1 1
9 5
1 3
9 1
1 7
1 5
1 7
1 2
9 4
1 5
1 1
9 4
1 6
9 7
1 6
1 1
1 3
9 6
1 8
9 7
9 6
1 4
1 3
1 2
9 1
9 5
9 3
1 8
9 5
9 2
9 4
1 3
1 4
9 7
1 1
1 2
9 7
9 5
1 6
1 8
9 8
9 1
1 5
9 3
1 2
1 3
9 5
9 7
9 4
1 8
9 6
1 1
9 1
9 8
9 6
1 5
1 3
9 8
1 7
1 8
9 3
9 1
1 7
1 6
9 3
9 8
9 7
9 5
9 4
9 4
9 5
9 8
1 8
9 3
1 2
1 5
1 2
9 5
9 4
9 7
1 1
1 7
1 4
1 5
9 8
1 2
1 1
9 2
9 1
9 1
9 4
1 3
1 5
1 7
9 2
9 3
9 6
1 6
1 6
1 2
9 6
9 1
9 4
1 2
1 4
9 3
1 6
1 1
9 6
9 6
1 3
1 2
1 2
1 5
9 3
9 4
9 4
9 2
9 4
1 1
1 3
1 1
9 1
1 8
9 4
1 2
9 6
1 3
9 5
1 3
9 4
9 2
1 3
1 4
1 3
9 6
1 5
1 2
1 3
9 7
9 7
1 5
1 2
1 7
1 8
9 1
1 2
1 4
1 3
9 8
1 8
9 2
9 2
9 6
1 6
1 7
9 6
1 4
9 1
1 5
1 1
1 7
1 4
9 3
9 5
1 6
9 3
1 5
1 2
1 7
1 8
1 7
9 3
9 2
9 2
1 6
9 1
9 4
9 1
9 7
9 7
9 5
1 4
1 6
1 5
1 2
9 3
9 8
1 5
9 5
9 5
1 1
9 1
9 8
9 3
1 7
1 3
9 6
1 3
9 5
9 3
9 2
9 6
1 2
9 4
9 5
1 2
1 7
9 7
1 4
1 1
1 4
9 7
1 8
9 8
1 4
1 4
1 5
9 1
1 4
1 1
9 3
1 1
9 8
9 5
9 8
1 2
1 6
1 5
9 4
1 3
9 8
1 8
1 3
9 3
1 7
1 2
1 7
9 2
1 3
9 2
9 3
9 8
1 4
9 4
1 1
9 4
9 4
9 7
1 5
1 6
9 2
1 8
9 8
1 5
1 8
9 5
9 6
9 2
1 6
1 3
1 8
1 3
1 6
1 2
1 3
1 1
1 6
9 3
1 6
1 2
9 1
1 8
1 8
1 8
9 5
9 4
9 8
1 8
9 6
1 7
1 4
1 4
1 2
1 4
9 3
9 2
1 3
9 2
1 2
9 2
1 1
9 6
9 2
9 4
1 5
9 7
1 8
9 7
1 7
1 1
9 5
9 3
9 1
1 3
9 4
1 8
9 1
1 1
9 6
1 5
9 3
1 3
9 1
9 3
9 4
9 4
1 4
9 7
9 1
1 3
1 5
1 3
1 6
1 5
9 3
1 5
1 7
1 1
9 4
9 6
1 3
1 3
9 1
1 4
1 3
1 2
1 5
9 1
9 7
9 2
9 2
9 2
9 2
1 3
1 4
9 1
1 1
1 8
9 3
1 4
9 8
9 8
9 5
1 3
9 5
9 8
9 2
9 6
1 3
1 8
9 7
1 4
9 8
1 1
1 3
1 5
9 8
1 5
9 5
9 2
9 8
9 8
9 4
9 7
9 3
9 7
1 5
9 8
1 8
9 8
9 1
9 1
9 2
9 2
1 4
1 4
9 7
9 8
9 7
9 7
9 1
1 2
9 7
9 3
1 8
9 4
1 4
9 7
1 6
9 5
1 3
9 3
9 2
9 1
1 4
9 5
1 6
9 8
9 5
9 7
9 1
9 5
9 5
1 6
9 6
9 7
9 1
9 5
1 2
9 4
1 3
1 1
9 2
9 1
1 6
1 3
1 3
1 3
9 3
9 8
9 8
9 1
9 7
9 4
9 7
9 7
1 3
9 3
1 4
9 5
1 3
9 6
1 5
9 6
9 7
9 4
9 4
9 1
1 5
9 7
9 8
1 4
9 5
1 3
1 5
1 4
1 3
9 2
9 7
1 6
9 1
1 2
9 3
1 1
1 2
9 5
9 6
1 1
1 8
9 1
9 4
