2000
400
1 1
5 6
9 7
5 7
13 10
13 1
1 10
13 11
13 6
9 7
5 11
9 3
1 4
1 2
5 3
13 5
13 1
13 9
5 6
9 3
5 11
5 1
1 5
1 2
5 7
13 6
1 7
1 10
9 5
9 11
13 3
9 9
9 4
9 5
1 11
5 12
9 11
1 8
9 9
13 9
1 9
13 1
5 5
13 7
5 2
1 2
1 12
1 8
1 4
5 1
5 4
5 2
1 3
5 6
5 6
9 3
13 2
1 4
1 10
13 6
5 3
9 12
13 6
9 7
13 6
9 9
5 7
1 10
5 7
13 9
9 11
9 1
1 12
1 7
1 6
1 9
9 12
9 7
5 5
9 9
1 10
13 6
1 6
1 11
1 3
9 11
1 5
9 10
1 3
1 3
1 8
9 2
1 8
1 5
1 1
13 11
9 8
9 11
9 11
1 2
5 6
9 3
13 4
13 2
9 5
13 3
1 6
5 8
13 5
1 10
13 5
13 11
9 4
1 4
9 3
1 2
1 1
5 10
1 4
13 1
13 9
13 11
13 6
5 4
1 5
13 8
13 6
13 3
13 9
1 6
9 5
13 7
9 4
13 11
9 1
5 8
9 6
5 4
9 5
9 8
5 9
1 1
13 12
9 3
13 12
13 3
1 3
1 9
5 7
1 2
5 2
13 10
5 9
5 5
5 11
1 2
5 9
13 1
1 3
5 2
13 9
5 6
9 7
13 5
13 2
5 3
13 12
9 11
9 2
13 10
5 12
13 2
1 12
1 6
1 3
9 7
9 12
9 12
9 10
13 10
9 1
1 3
5 7
5 4
9 5
9 12
13 7
13 3
9 4
1 2
9 11
5 5
9 5
5 7
9 8
13 4
1 3
1 5
5 7
5 8
13 9
1 2
13 6
1 9
13 7
9 1
13 1
5 5
1 11
1 2
13 9
13 8
1 1
9 6
5 12
5 11
5 12
9 4
5 7
13 12
13 2
9 5
5 11
9 5
13 11
5 1
5 12
9 1
9 7
1 12
1 5
9 6
1 4
13 7
1 11
5 5
13 1
1 12
13 2
9 1
5 10
5 1
1 3
13 3
9 1
1 5
1 4
9 3
9 10
5 5
9 2
9 7
5 12
9 9
13 9
9 3
13 9
13 1
13 8
9 11
5 10
5 1
9 11
5 5
13 2
9 1
5 7
13 2
13 6
1 5
5 10
5 1
1 3
5 9
1 8
13 12
5 12
1 10
1 3
9 9
13 3
13 4
13 12
5 2
1 8
9 7
9 3
1 2
5 3
5 2
5 7
9 6
1 1
13 2
1 4
9 5
1 7
1 4
5 7
1 4
1 3
5 11
5 1
9 11
5 4
1 7
1 4
9 2
5 10
1 5
5 9
1 4
5 4
5 12
13 9
5 12
13 4
13 1
9 4
1 10
9 3
5 12
13 5
9 7
1 7
9 5
5 12
5 3
1 7
5 12
9 2
5 4
9 10
13 2
9 4
5 9
5 4
9 2
1 12
9 9
5 4
9 4
1 3
5 12
13 8
5 9
13 5
1 6
13 8
9 9
1 9
9 12
5 7
5 4
1 6
9 8
5 8
9 9
9 3
9 9
13 2
5 2
5 4
13 5
1 1
9 10
5 10
9 2
1 7
13 2
13 3
9 5
9 4
1 5
5 4
13 6
13 7
5 4
9 5
1 6
13 2
5 2
13 8
13 7
13 2
1 12
5 3
9 7
9 4
13 3
9 9
5 1
1 1
13 5
1 5
1 3
9 3
9 8
5 7
5 7
