1234
1234
5 11
7 8
3 17
21 8
23 19
19 20
19 14
5 7
21 20
19 6
3 17
5 17
3 2
3 8
17 14
23 11
3 3
23 5
17 21
5 3
17 1
1 21
23 22
5 12
5 8
21 3
17 21
7 16
21 13
7 9
3 15
23 11
23 4
19 5
3 21
19 11
3 7
21 2
1 1
1 22
23 7
7 2
17 3
21 20
19 1
5 1
1 14
1 10
19 9
3 10
1 20
3 11
17 11
23 17
3 6
1 6
23 3
7 17
7 15
1 4
7 10
5 8
7 11
7 21
23 17
17 1
3 21
21 9
23 15
23 17
3 9
3 10
1 4
1 3
23 2
19 15
17 15
23 19
19 4
23 16
3 2
1 15
19 1
23 22
7 12
5 17
1 19
7 20
17 17
3 21
1 17
17 19
17 16
19 17
7 14
3 14
7 16
21 4
7 19
3 5
7 4
1 14
7 8
23 11
1 17
21 8
17 17
3 15
23 7
1 19
23 7
17 2
17 21
7 3
7 20
7 2
19 16
19 18
19 18
3 6
7 10
7 18
3 7
21 16
17 9
1 14
1 3
3 4
3 12
19 9
19 15
5 18
7 7
19 21
5 8
1 18
17 14
1 6
5 22
1 4
1 7
3 20
5 9
7 12
5 8
5 18
21 15
21 14
21 2
17 16
7 20
3 17
5 1
3 8
23 1
19 10
7 9
23 21
21 3
1 1
7 3
1 12
19 12
21 8
21 1
21 10
5 12
7 3
21 10
21 5
19 21
3 18
17 11
7 10
7 22
1 1
7 13
19 2
21 2
21 12
21 4
7 22
19 13
5 6
17 15
23 6
23 9
23 11
19 19
23 8
3 2
1 10
7 22
7 17
5 9
7 5
23 5
7 10
17 16
1 4
23 8
17 19
19 21
17 20
17 7
17 9
1 1
17 22
23 1
17 20
17 8
19 14
19 13
23 8
3 6
5 13
3 6
19 13
1 5
23 1
21 2
21 10
3 6
23 6
7 22
23 12
1 10
7 2
17 17
3 14
5 4
7 7
17 22
5 10
7 15
19 13
7 21
3 8
23 1
19 4
23 21
7 3
21 1
19 22
1 18
21 8
5 7
3 2
19 20
17 21
5 10
19 3
5 16
5 3
21 3
7 15
5 3
21 9
23 3
1 8
1 4
7 6
5 6
1 12
1 22
19 5
3 9
1 13
19 11
23 2
7 18
3 6
3 15
7 15
5 22
17 6
21 18
21 5
1 4
19 17
1 21
21 8
3 7
21 20
21 1
5 16
3 8
21 4
1 7
3 20
1 13
1 13
1 16
17 2
5 2
23 19
23 11
7 9
3 19
21 13
21 12
3 13
17 10
7 11
7 1
21 10
23 15
3 2
21 18
21 22
17 16
23 6
7 4
19 13
19 18
17 6
1 16
3 12
1 10
23 17
3 13
3 14
3 7
5 5
5 11
5 21
1 2
3 7
19 2
5 14
3 9
19 17
5 4
7 5
21 20
7 10
7 21
21 20
19 12
17 3
21 15
5 20
1 8
1 3
1 18
7 1
21 15
3 11
21 2
3 19
19 13
5 12
19 5
19 21
17 19
5 21
23 6
1 21
23 9
1 6
5 21
19 17
7 1
7 9
19 2
3 3
19 2
3 19
7 1
5 20
1 1
3 21
19 2
5 9
21 22
21 12
3 13
5 22
3 21
7 2
7 17
19 1
7 6
7 15
19 19
19 13
7 7
17 2
1 12
5 1
7 21
5 19
5 16
17 19
21 17
5 4
23 17
23 2
21 1
19 18
5 7
5 21
1 22
17 19
7 21
5 17
17 22
23 2
19 8
3 18
17 8
1 13
23 13
21 6
5 3
7 10
7 19
3 21
1 18
3 8
1 15
19 6
17 9
21 9
19 12
7 18
21 14
1 17
19 9
3 2
23 4
7 14
1 22
21 18
21 11
19 17
19 22
5 22
17 7
5 10
17 18
1 8
3 9
23 15
21 15
21 3
5 6
1 15
19 15
3 4
5 17
23 1
21 4
7 22
23 14
17 12
17 12
21 4
1 22
17 21
3 22
17 12
21 8
1 8
21 10
21 11
17 7
19 13
19 12
23 21
19 8
23 14
21 5
7 1
23 7
17 19
1 8
21 15
23 7
23 15
5 5
19 4
19 18
23 20
1 7
3 9
21 18
17 14
3 18
19 7
21 1
21 17
19 6
5 20
19 18
7 16
21 21
5 8
17 22
23 5
17 18
23 11
7 21
5 7
23 17
7 13
21 2
7 4
19 6
7 8
19 4
3 16
21 12
19 13
3 11
21 18
3 4
17 20
23 17
5 18
21 22
1 18
3 2
21 4
17 6
3 2
21 5
23 20
5 20
5 8
19 21
21 11
23 16
1 20
21 2
23 1
23 20
5 20
5 10
17 9
19 17
1 21
3 15
19 15
3 20
5 8
21 9
23 7
21 13
23 2
3 16
5 20
5 7
1 2
21 18
3 3
5 15
1 3
17 18
21 13
1 12
23 7
23 12
1 9
3 20
19 17
21 14
23 22
21 15
5 19
7 22
17 19
3 10
3 7
19 5
7 16
23 12
5 4
3 1
21 9
19 10
21 17
23 1
19 12
19 8
23 3
1 11
3 2
7 9
23 8
7 17
23 8
21 17
17 6
5 17
17 16
21 7
5 16
1 10
1 17
19 1
3 17
3 6
3 19
17 14
21 14
7 12
7 7
1 3
23 19
1 11
7 5
7 15
3 3
23 20
19 2
23 5
7 20
23 8
17 22
7 7
5 7
17 18
21 1
7 7
1 22
5 4
5 10
5 13
23 19
21 11
17 1
7 2
3 10
1 10
19 17
19 21
7 20
21 2
19 1
3 17
17 14
19 7
21 14
19 17
17 3
1 17
17 14
17 12
7 20
23 15
1 5
7 18
3 18
3 4
23 14
23 3
3 1
23 9
5 20
3 5
17 9
21 2
21 16
7 17
3 18
3 6
7 9
21 17
1 18
5 2
19 11
17 6
3 19
23 2
7 16
21 12
23 6
23 14
3 2
17 12
23 11
17 4
23 9
19 14
17 10
7 2
7 22
5 20
21 15
19 16
3 12
7 6
19 19
7 6
5 14
23 2
3 4
7 14
23 2
5 15
3 16
23 1
17 16
23 7
5 6
21 7
23 11
3 22
21 10
21 1
1 11
1 5
23 17
5 2
17 19
23 5
23 12
7 16
1 4
17 2
1 21
19 6
3 4
19 16
7 22
17 6
1 18
21 1
3 9
3 18
3 14
5 12
7 20
3 1
1 14
19 12
23 16
21 2
17 12
1 10
21 7
5 13
19 17
21 8
17 2
3 4
23 14
7 8
23 12
1 6
17 20
19 20
19 13
19 15
1 8
3 5
17 6
17 4
17 9
1 18
5 17
19 19
19 10
1 10
1 18
17 5
23 21
21 5
3 20
23 21
17 16
21 21
3 18
17 14
1 1
1 22
1 3
5 16
19 12
23 11
23 10
21 1
21 6
5 16
21 6
23 6
19 6
3 4
21 21
17 17
5 9
5 3
5 16
21 22
7 7
19 17
21 2
1 3
17 13
21 2
21 15
3 11
21 5
1 7
3 21
23 21
3 14
3 7
1 3
7 8
1 16
5 20
21 15
3 14
3 13
5 18
1 13
5 11
1 22
23 18
17 1
19 21
5 13
5 16
7 1
1 3
7 1
5 2
1 14
5 7
23 5
19 3
17 4
3 5
5 21
1 1
3 4
21 7
19 4
3 9
19 4
21 12
3 10
1 1
5 14
19 19
7 9
17 13
3 15
5 18
19 5
3 21
5 7
7 14
19 9
5 10
7 3
17 2
21 10
3 18
5 5
19 1
1 18
23 18
3 10
19 17
17 1
23 9
3 15
7 20
21 21
1 11
21 5
21 16
19 20
19 2
5 7
5 8
7 1
21 18
23 7
23 17
1 13
5 7
17 6
23 17
3 3
1 11
1 16
1 20
7 21
17 21
1 17
17 15
7 10
19 14
7 12
23 13
1 8
5 21
19 4
3 14
21 16
5 12
7 6
7 20
7 18
21 13
5 14
17 10
5 22
23 7
3 2
19 22
3 17
21 7
21 4
23 15
17 4
21 16
3 18
21 5
3 17
5 21
21 21
19 21
17 4
3 21
3 20
5 9
21 12
1 13
19 9
19 15
17 5
17 20
1 5
19 3
5 6
19 5
7 13
1 15
21 2
23 20
23 5
19 17
1 8
21 13
17 22
3 8
3 21
23 15
5 14
17 14
21 8
7 19
1 16
23 20
7 1
3 18
7 15
21 1
7 11
1 5
21 17
19 10
17 2
17 1
3 4
1 19
17 4
17 22
23 10
17 10
17 19
21 22
19 16
19 17
5 12
17 3
7 22
1 2
1 16
7 8
7 3
1 18
19 20
23 2
7 6
23 14
3 12
17 12
21 5
7 17
3 20
17 15
21 7
21 12
21 17
1 16
21 9
17 2
3 1
21 15
17 19
21 18
3 14
19 18
17 9
23 12
3 19
21 1
19 4
17 20
3 19
5 21
19 1
3 17
21 10
7 4
3 11
23 15
3 8
5 5
1 6
19 9
5 14
23 12
7 21
19 9
21 6
5 10
23 12
5 19
23 15
21 14
17 2
3 3
17 22
5 5
21 7
5 11
23 13
21 5
17 8
3 3
1 19
17 14
21 18
23 17
5 22
19 12
1 13
1 6
21 8
23 3
21 17
17 8
19 7
21 22
17 7
19 4
17 1
17 21
19 22
17 3
7 16
21 5
3 6
3 21
19 3
7 20
3 16
5 12
7 7
5 21
23 20
17 15
5 9
21 17
17 15
21 7
7 16
7 16
7 13
23 18
5 18
7 21
19 17
3 19
21 7
7 5
19 6
5 6
3 3
3 7
7 17
17 18
19 1
5 20
21 14
5 15
1 15
23 22
7 15
23 3
19 16
3 22
5 4
23 20
19 22
21 13
19 3
21 13
23 6
23 2
21 2
23 1
17 1
21 19
17 16
5 4
3 19
7 10
5 11
17 7
7 20
19 17
1 18
3 3
5 3
1 17
7 6
17 18
3 9
21 22
5 11
19 18
19 18
23 15
19 3
23 7
7 19
21 16
23 8
1 3
1 12
7 7
3 2
23 10
19 17
3 14
23 18
3 15
21 18
23 16
23 6
23 15
17 11
1 18
5 13
7 6
19 8
3 22
17 1
1 6
1 20
1 10
3 2
17 17
7 22
1 16
1 1
19 5
23 1
19 4
3 18
5 17
1 6
5 4
1 6
19 16
23 11
21 19
5 10
3 3
19 16
5 7
1 7
23 13
7 7
7 4
1 2
5 11
21 19
21 4
19 21
1 13
19 20
19 1
1 8
17 14
17 3
1 11
23 20
17 2
3 15
7 22
7 18
5 7
21 9
17 17
17 1
17 19
23 5
23 5
19 5
5 9
7 3
17 18
3 11
17 19
1 8
1 9
21 19
5 3
19 8
19 7
7 18
21 14
19 11
3 5
7 18
