1234
1234
23 6
3 15
7 3
21 12
17 4
7 5
19 4
1 3
5 14
5 10
3 8
5 20
19 16
17 21
3 5
23 18
5 22
3 18
17 7
1 10
5 22
1 17
19 1
19 17
5 20
19 18
1 1
5 18
21 13
5 5
5 4
1 10
23 10
17 22
21 20
23 8
7 19
19 2
17 9
17 16
5 12
3 15
23 21
5 19
17 17
5 9
7 22
5 1
23 20
5 8
3 3
17 22
7 3
3 20
17 17
3 9
5 12
3 13
17 7
3 11
23 14
1 1
17 5
17 5
19 15
5 19
3 9
23 19
7 6
3 20
7 10
19 10
7 11
21 4
1 5
7 4
19 16
1 12
19 14
5 11
21 12
19 5
5 12
5 2
7 20
19 20
23 17
5 15
17 2
3 7
7 17
3 17
23 5
19 22
7 8
3 1
3 13
23 16
19 7
7 5
21 6
19 12
5 17
7 14
23 14
23 13
3 19
5 18
17 21
1 15
17 9
23 18
7 9
17 14
1 3
3 8
1 15
19 1
23 18
3 13
3 2
23 12
7 13
21 15
21 4
3 4
19 16
21 22
7 15
7 14
17 22
1 21
21 1
1 13
19 18
21 1
1 8
7 14
23 15
3 7
19 22
1 7
21 12
5 9
5 17
21 2
21 15
3 13
17 10
7 6
5 10
3 19
1 14
3 7
21 10
1 12
21 11
17 12
23 20
3 16
1 4
7 12
1 17
5 6
19 2
21 18
19 15
5 11
17 5
23 1
19 19
21 6
1 7
7 14
3 6
19 19
1 7
7 17
7 16
21 10
5 14
19 6
5 21
5 3
19 10
3 5
21 9
7 18
1 18
7 15
5 22
5 8
21 10
19 20
17 21
21 1
5 22
23 17
1 11
17 18
5 5
3 18
23 16
1 2
21 9
19 16
7 5
5 12
23 7
7 15
3 2
17 15
21 14
5 21
19 8
17 16
17 15
19 4
21 15
1 17
19 5
1 21
19 12
23 22
21 17
7 4
1 6
23 15
3 5
1 8
1 2
21 17
21 21
5 17
3 10
7 9
3 16
21 8
5 18
17 13
19 19
5 12
7 8
23 22
1 7
19 1
19 9
7 14
19 19
17 8
21 6
3 12
23 19
19 12
7 5
19 7
3 14
1 9
1 4
17 21
21 9
7 14
17 14
5 5
17 18
7 21
23 10
7 3
23 19
5 11
19 12
7 8
17 6
1 9
19 19
7 2
17 16
1 1
3 16
23 16
1 7
5 16
5 8
17 18
17 6
19 6
21 1
19 8
21 4
1 12
17 9
7 15
3 22
21 19
17 14
7 10
17 10
7 14
19 17
1 20
23 15
3 21
17 17
7 21
21 15
5 9
1 3
3 3
21 16
23 2
3 13
1 22
3 11
17 9
7 13
1 13
7 4
1 8
3 17
21 16
19 9
7 1
1 18
23 6
7 15
23 16
1 15
19 6
23 17
21 8
23 17
21 15
3 16
17 14
23 3
1 7
21 19
5 12
5 1
7 22
23 6
1 14
19 10
23 18
19 15
17 7
7 14
19 5
17 14
5 15
19 6
23 4
5 21
19 20
19 4
3 10
21 9
17 20
1 15
1 10
7 20
7 10
5 4
5 1
19 20
19 21
5 10
23 11
17 10
5 3
3 1
23 4
19 4
1 20
19 3
23 16
5 11
1 2
1 22
23 5
7 17
7 7
1 18
5 15
3 6
5 14
19 20
7 6
17 18
17 13
19 18
17 19
21 16
3 21
1 7
5 21
23 20
21 17
5 19
21 20
17 4
19 1
23 13
17 13
5 12
17 18
5 15
23 22
5 1
21 17
17 9
21 18
17 3
7 15
7 19
5 22
5 5
23 4
5 2
5 18
17 19
23 1
19 11
3 17
7 9
3 3
23 7
17 11
7 10
21 10
19 3
23 1
23 5
23 12
5 14
21 17
3 3
21 2
5 8
3 16
1 21
17 19
3 10
5 12
1 10
7 10
23 4
23 1
21 13
5 22
23 8
7 2
21 14
19 18
5 19
1 22
21 7
17 1
5 12
7 15
5 6
19 10
19 10
1 11
7 20
17 2
3 13
3 3
21 12
17 3
23 17
1 15
1 20
19 8
5 17
23 5
19 5
3 20
7 16
5 4
23 15
3 2
17 5
17 19
5 3
7 7
5 18
7 7
23 3
23 21
3 4
7 12
21 4
7 2
3 3
7 5
5 6
1 22
17 20
3 4
3 21
19 16
1 13
17 21
5 12
3 10
23 22
5 8
3 15
7 17
23 15
19 8
7 9
23 12
19 5
7 12
1 2
7 13
23 1
17 15
21 6
17 9
1 12
17 22
3 6
17 7
3 5
7 3
5 3
1 14
23 11
7 6
5 12
19 6
19 20
21 19
5 12
17 11
17 7
19 6
23 6
23 19
7 11
5 17
19 11
1 14
21 1
7 8
17 17
23 21
17 20
5 14
23 6
3 16
23 17
5 6
5 10
3 19
19 14
17 8
19 13
5 6
21 9
19 1
21 12
17 8
21 12
1 9
19 21
5 16
21 4
21 19
21 6
23 21
23 11
23 12
17 8
1 22
17 13
17 7
23 10
19 9
3 3
3 16
23 13
3 11
7 17
5 4
19 7
1 18
19 10
5 6
21 1
17 10
21 21
3 18
23 2
21 15
7 10
7 21
3 1
1 22
23 21
17 12
1 4
5 6
7 2
5 6
5 16
23 10
3 13
5 1
7 2
7 19
7 13
3 14
1 20
17 9
21 2
5 11
21 15
7 21
3 21
21 21
3 12
3 18
19 13
3 14
23 18
17 4
1 11
1 13
1 6
1 2
19 1
7 17
19 5
3 12
23 10
5 11
23 14
3 5
7 21
5 22
5 17
17 8
1 21
5 17
17 2
21 12
21 5
1 22
19 5
1 5
3 18
5 18
21 18
1 20
3 7
23 19
17 20
1 11
21 15
21 11
19 10
1 16
5 16
23 18
23 19
5 14
17 3
23 11
19 3
5 2
17 19
5 1
7 21
1 16
3 14
1 17
5 5
7 4
5 16
21 18
5 18
19 20
21 8
17 22
21 2
23 9
3 2
5 13
1 3
1 5
23 16
19 19
23 4
23 16
17 22
3 16
7 19
5 14
1 8
19 7
3 7
23 3
5 7
1 11
3 19
23 2
23 6
17 14
5 17
7 19
21 12
5 22
5 22
3 22
21 15
7 17
7 2
3 7
3 17
5 5
21 2
21 8
19 16
3 20
17 3
1 11
21 4
7 18
5 15
5 22
19 12
17 1
1 18
7 4
1 10
21 2
7 8
3 15
19 5
17 1
1 19
7 10
5 4
23 13
23 15
17 18
7 4
5 20
7 10
7 19
3 19
17 6
5 21
1 12
23 22
5 16
1 7
3 4
17 15
5 22
21 3
1 8
5 9
19 18
1 3
19 10
5 16
5 19
21 14
7 13
7 17
5 19
1 20
3 10
5 13
19 11
7 10
5 16
17 8
23 3
3 22
23 11
19 5
5 12
19 20
19 6
3 1
17 14
3 13
5 3
5 7
23 4
3 2
5 12
23 21
21 7
7 9
7 16
17 18
23 10
7 4
23 4
19 17
19 8
5 22
23 13
21 10
17 21
19 15
1 5
19 3
21 14
17 6
5 1
19 10
3 15
3 14
3 17
7 14
23 14
17 20
3 2
19 13
19 7
5 9
23 16
1 9
3 1
17 4
1 2
7 5
19 19
21 1
23 1
7 18
3 8
7 1
1 22
5 12
19 6
3 22
17 14
5 1
19 6
21 4
19 9
19 17
21 12
7 5
19 9
3 7
17 14
5 22
23 10
23 15
1 16
19 10
23 7
19 6
3 17
7 12
3 21
3 1
17 8
1 17
5 20
3 20
21 4
19 16
1 19
23 2
5 2
23 17
17 17
7 20
19 16
21 5
7 17
21 18
1 15
1 12
7 20
7 8
5 14
3 21
3 9
21 15
1 20
21 1
5 19
5 4
21 10
17 14
1 9
17 6
3 17
17 20
1 9
23 15
17 15
5 20
23 18
23 20
19 19
7 2
5 2
19 21
23 17
3 17
1 5
7 20
7 21
7 2
19 7
21 18
1 20
23 11
3 8
17 19
3 12
19 16
1 9
1 3
1 9
17 20
21 16
23 12
5 20
19 22
3 10
5 22
23 1
3 5
3 14
17 2
17 6
19 7
1 22
5 21
3 22
3 20
1 20
7 1
7 21
1 15
19 15
1 21
17 12
23 15
3 10
23 13
7 19
7 1
5 19
19 10
7 22
3 13
1 3
19 20
3 4
19 4
3 21
17 2
1 4
21 13
5 8
3 13
19 13
21 1
3 20
17 22
3 10
23 21
7 18
1 3
1 10
23 17
3 12
23 18
19 9
3 6
1 3
5 17
23 22
5 4
5 7
7 10
23 13
1 4
1 21
17 21
17 19
7 19
1 18
23 7
19 7
19 3
23 7
5 12
23 14
1 4
3 11
21 21
21 2
1 11
19 6
19 15
21 3
1 7
1 13
21 16
7 21
3 16
21 11
3 18
7 11
17 6
5 19
19 21
19 3
5 16
1 16
23 16
19 19
7 5
7 14
21 20
17 9
21 6
21 21
7 5
5 5
3 19
3 10
1 8
1 8
23 8
5 3
7 22
3 7
23 6
5 16
17 3
7 1
23 10
7 13
17 10
19 15
17 7
3 17
7 9
7 20
21 10
7 18
7 17
23 21
21 5
1 3
19 13
17 12
3 14
19 2
1 8
21 10
1 19
23 20
21 3
7 19
17 15
7 15
1 4
21 13
1 10
7 15
23 19
7 5
1 7
23 22
1 17
23 22
19 1
7 17
3 1
23 19
17 5
19 20
21 14
5 2
5 21
19 12
17 16
19 4
7 14
23 18
21 18
1 7
19 8
1 22
1 20
23 9
21 14
21 8
3 11
7 5
1 19
7 9
7 11
17 7
21 15
23 14
7 22
23 6
3 21
17 6
23 18
17 17
17 20
5 7
19 22
21 20
19 9
19 2
23 14
23 14
21 18
1 20
7 3
5 9
17 4
19 18
5 19
17 16
17 11
3 10
7 14
21 19
3 20
5 3
21 5
7 9
23 22
3 15
5 2
17 12
1 18
17 8
3 10
19 2
21 5
23 3
3 17
23 10
3 17
1 7
7 12
5 15
17 4
17 9
3 18
5 14
3 10
19 22
17 6
7 3
23 21
7 10
1 6
5 18
3 2
3 6
3 15
23 5
19 12
7 2
5 7
7 13
1 2
7 9
1 9
17 12
21 2
5 4
19 4
5 21
1 9
21 13
21 16
5 1
1 19
7 13
7 10
7 5
17 22
23 5
7 20
21 5
1 15
1 11
21 11
23 17
7 3
7 21
19 13
1 19
21 10
1 9
21 6
21 9
21 11
5 2
21 22
19 6
19 8
3 3
3 13
3 17
3 13
7 11
5 10
17 14
3 6
3 11
17 19
17 11
21 22
19 14
21 7
23 20
17 22
17 3
